0.000000000000000000e+00 -1.231428272239033367e-01 3.233099799185523010e-03 1.468198336526560337e-02 -1.200582160790847688e-02 7.908461338879121255e-03 -1.347007149718100006e-03 1.504493946380516898e-03 -2.688456738827670034e-04 3.722496840569811507e-04
1.000000000000000056e-01 -3.035763807899950414e-03 -2.913467535756861931e-02 -2.288117109200443408e-02 6.895597175906912138e-03 -2.171624179531153609e-02 -1.240858886307599426e-02 -1.084914250569119464e-02 -9.525278178185282371e-03 -8.698744310542266822e-03
2.000000000000000111e-01 9.624391971065668350e-02 -5.945809074717757492e-02 -3.851950930727097988e-02 6.777053261340301726e-04 -8.215203079215242787e-03 -8.750608484075567822e-03 -2.420883476710281035e-02 -1.451596135252626596e-02 -1.639330877472946341e-02
3.000000000000000444e-01 -7.044482087798292769e-02 -1.108308866369541942e-02 -2.555768188780571659e-02 -1.380265575338899403e-02 2.484076124248946194e-03 -2.757169239203719618e-02 -2.271471494785109319e-02 -1.909296909260784283e-02 -1.925260659920693257e-02
4.000000000000000222e-01 -2.120963173382914985e-02 -7.011429111194455999e-02 3.690976030903592164e-02 -1.090257667813352219e-02 -1.911988251867348734e-02 -2.070308250321597349e-02 -2.226390034567761814e-02 -2.168586804122187711e-02 -1.883995234552342246e-02
5.000000000000000000e-01 -1.140036865784970349e-01 -3.944513749172880168e-02 -1.311061577471653652e-02 -1.885860038250853840e-02 -1.822812752953756679e-02 -1.226882424075690335e-02 -2.336744529282438337e-02 -1.838721510487062449e-02 -2.227306963434218939e-02
6.000000000000000888e-01 1.344556441790255574e-01 8.153166597995545328e-03 4.089068100837658926e-03 -6.320036686312140162e-03 -2.877663596713379845e-02 -2.283110446635609747e-02 -1.846591341152725718e-02 -1.727675583398666226e-02 -1.536930270808962648e-02
7.000000000000000666e-01 7.467249317855724489e-02 -4.515623448318247836e-03 3.750921050883224139e-02 -2.009606140409578301e-02 -1.719455433284307333e-02 -1.733963707360175466e-03 -1.164126528017844948e-02 -1.450083308245459120e-02 -1.271975463774033081e-02
8.000000000000000444e-01 7.289905696295499726e-02 -1.283339784545274066e-02 4.348201546386758209e-02 1.570444460339203568e-02 1.176384972964780035e-02 -4.782408407659565971e-03 -7.726965768326413478e-03 -4.166009719734582728e-03 -3.865701797690771109e-03
9.000000000000000222e-01 1.135322618506420939e-01 1.674177148013528821e-02 -4.306175315084858138e-03 1.013255446773244674e-02 -4.839957398136737754e-03 -2.167375727379119640e-03 9.075128185750087201e-03 6.354675166232753858e-03 4.988126245140083424e-03
1.000000000000000000e+00 1.067136834209356649e-01 9.638545934744770227e-02 1.329228403094443595e-02 4.165556788926733089e-02 2.367913423438201131e-02 1.520107179266831816e-02 1.317874274432040416e-02 1.325649850030196850e-02 1.511278647748710326e-02
1.100000000000000089e+00 1.157751872290158218e-01 3.978702412788619885e-02 -1.869231695059179327e-02 2.478616106058514901e-02 4.844319711753460045e-02 2.652601865665325798e-02 3.298941747395903179e-02 2.738841513342139822e-02 2.908873948382936780e-02
1.200000000000000178e+00 -2.015432473732972074e-01 1.261668358933512035e-01 3.701350132570122020e-02 3.143041096376539972e-02 4.503331352797181053e-02 5.106459903850879556e-02 5.070586300751334791e-02 3.898435057476413307e-02 4.094634455463306427e-02
1.300000000000000044e+00 1.863735262743411725e-01 1.001855621240599625e-01 5.225276908912716844e-03 3.845682509461146453e-02 3.042143657311606117e-02 6.500882011174809183e-02 5.753719655524579257e-02 5.494579455380803334e-02 5.673380552183076436e-02
1.400000000000000133e+00 6.740458985097605438e-03 8.145821589344960645e-02 3.182412384033849601e-02 5.612999143492632820e-02 7.288267083385251144e-02 8.455995109970607104e-02 7.348455219561512985e-02 7.084205708882895802e-02 7.138089048558636518e-02
1.500000000000000000e+00 8.486608402184575572e-02 -5.227401827584404748e-02 1.785950510775817512e-02 9.240402146873130662e-02 9.496453401048646215e-02 9.509259316560356168e-02 8.568155054799000969e-02 8.689673116869900404e-02 8.487657997755206074e-02
1.600000000000000089e+00 2.122791906879469837e-01 1.816550638904721460e-01 6.173256084649066805e-02 8.901209971547890953e-02 9.842147784050161996e-02 1.036194183490910109e-01 1.008283983849623533e-01 9.968612856454545090e-02 1.015988277776492532e-01
1.700000000000000178e+00 2.137133284808297173e-02 7.616257493227790443e-02 9.379385493966953258e-02 6.385356342068333746e-02 1.123012984843616280e-01 1.191342178941190988e-01 1.141351327232858343e-01 1.141899126720063024e-01 1.176957127254792540e-01
1.800000000000000044e+00 1.371208158734283089e-01 9.300196112173941820e-02 1.890484926347182071e-01 1.034428965788700555e-01 1.346501095896712463e-01 1.322125407091753191e-01 1.322986252448236921e-01 1.325743746438043935e-01 1.306290368540063973e-01
1.900000000000000133e+00 2.125686766730733868e-01 1.738617330647297399e-01 1.920435102144860684e-01 1.501663235286749276e-01 1.540480645710229912e-01 1.566504563423426200e-01 1.463325092404594296e-01 1.457909813979088864e-01 1.470908080358335757e-01
2.000000000000000000e+00 2.389907906480497612e-01 1.440575809289759424e-01 1.292057551343546162e-01 1.575121692243232896e-01 1.582519441839733698e-01 1.711444185971355558e-01 1.624152754958419209e-01 1.632143134545177288e-01 1.609162202087823512e-01
2.100000000000000089e+00 1.330715158414867427e-01 1.756823979392075352e-01 1.559759716247681172e-01 1.873571329939342778e-01 1.639446021012302690e-01 1.759228718714651585e-01 1.763152669474557510e-01 1.735054644679387137e-01 1.725205448142089482e-01
2.200000000000000178e+00 1.459357548875025723e-01 1.645842874361586605e-01 1.584320830382187628e-01 2.147708280280513360e-01 2.005859757294040646e-01 1.968555179441956182e-01 1.842640585123211106e-01 1.829633174247301264e-01 1.844937387243070215e-01
2.300000000000000266e+00 1.357563682338438493e-01 2.377042299018579385e-01 1.401845671186145170e-01 1.972962416080737136e-01 2.010898341057399119e-01 1.889380353491484921e-01 1.931223672851497541e-01 1.931807797218625111e-01 1.936874416833069545e-01
2.400000000000000355e+00 5.986446747232901378e-02 2.315436499872234322e-01 2.306051744509205470e-01 1.785322078393815903e-01 2.037464701862359562e-01 2.026082718649236392e-01 1.988489253616755881e-01 1.990674976862045198e-01 2.012698661496378216e-01
2.500000000000000000e+00 1.529125073584882422e-01 3.123953149315676914e-01 1.798704842892352440e-01 1.994663857944983798e-01 1.924733015121390112e-01 2.081683069909138761e-01 2.094386269478697160e-01 2.069839677014998769e-01 2.046188656493604929e-01
2.600000000000000089e+00 2.158453372846774188e-01 2.683406210418729509e-01 2.235765825093951331e-01 2.182918116916469919e-01 1.960170036655098091e-01 2.076838361835280367e-01 2.140757713267042173e-01 2.075362545922214141e-01 2.069650831612588060e-01
2.700000000000000178e+00 2.806491115422378169e-01 2.710130690884525739e-01 2.055584791532188149e-01 1.982733011966261727e-01 2.108824886089767647e-01 2.034138365757067191e-01 2.077851014276933250e-01 2.102597696251565784e-01 2.074438922004736285e-01
2.800000000000000266e+00 1.725936185405835266e-01 1.905044027281345420e-01 2.161000547444418551e-01 2.126433645368837888e-01 1.981367079137681675e-01 2.109350768711050206e-01 2.114335724729368982e-01 2.075762522691191880e-01 2.092258199494016757e-01
2.900000000000000355e+00 3.605960580728164722e-01 1.993313039355650296e-01 2.339454746134663754e-01 2.071425339531819954e-01 2.107159468004503877e-01 2.055608343785511327e-01 2.016060097135492779e-01 2.034287782859788285e-01 2.032554018963996512e-01
3.000000000000000000e+00 1.137781899457227519e-01 1.766986582558672803e-01 2.324809573429453824e-01 2.078892503305680151e-01 2.156652622678429110e-01 2.002187780374269366e-01 1.974650505767538422e-01 1.965617190739109843e-01 1.965900970314696516e-01
3.100000000000000089e+00 1.595886848435924543e-01 1.646522056197926576e-01 2.025823947717866891e-01 1.735403518623999941e-01 1.643009085282092774e-01 1.822263170239337704e-01 1.838799880423496458e-01 1.833288159280976326e-01 1.866141074453798177e-01
3.200000000000000178e+00 1.245394630081927967e-01 2.632375371102323447e-01 1.850320737493983958e-01 1.848182813110783862e-01 1.741480583647863067e-01 1.671361696401620633e-01 1.742791604490584456e-01 1.731927551405242072e-01 1.705599536015069695e-01
3.300000000000000266e+00 2.096163130718992906e-01 1.898752631981572014e-01 1.506119206167758073e-01 1.650992250108498094e-01 1.615882880294046975e-01 1.529678346172890224e-01 1.518538888990293434e-01 1.548417156826621399e-01 1.546944884181948310e-01
3.400000000000000355e+00 3.678378522405846285e-01 1.864380069278503416e-01 1.054748533026066554e-01 1.473472772188731683e-01 1.402229045987752887e-01 1.472099965406181987e-01 1.391455220974168461e-01 1.349025760215044056e-01 1.346345991562854505e-01
3.500000000000000000e+00 -1.109550252152134708e-01 9.755167475054417336e-02 1.233315737580306798e-01 1.240095059354683477e-01 9.369140162338182587e-02 1.227993989645188716e-01 1.082844201242724458e-01 1.146960292489810074e-01 1.131812110261481291e-01
3.600000000000000089e+00 2.989410664317771610e-02 1.538561763731985943e-01 3.635911639865058165e-02 5.342898475742938885e-02 7.656654844764942958e-02 8.765688753731838700e-02 8.494497010550064453e-02 9.046198230317648026e-02 8.902030190810354682e-02
3.700000000000000178e+00 1.566627182441724109e-01 3.980765463725960407e-02 6.900440455726833400e-02 7.709869406887531751e-02 7.390727581768857801e-02 6.211242376691716166e-02 5.502268384401136359e-02 6.192694284950676920e-02 6.344477552940586129e-02
3.800000000000000266e+00 2.701325618424759156e-01 4.341854380683503323e-02 7.230577619732395100e-02 4.088802200979315543e-02 3.512263163369956642e-02 2.312337572545286601e-02 3.115595736480087155e-02 3.273036196750377103e-02 3.065805927575676257e-02
3.900000000000000355e+00 4.600948962522581620e-02 5.329200427667801776e-02 -1.236100917868857181e-02 -1.141829794558248817e-02 -1.243175898759732619e-02 3.851309310647967228e-03 -1.577057545194656329e-03 4.306135066403826879e-04 -1.582636223680611472e-03
4.000000000000000000e+00 -5.789834462600733367e-02 -9.944947026357818520e-02 -5.925711220479483454e-02 -5.677949335969392775e-02 -2.530774836596745569e-02 -3.760495133604056794e-02 -3.999029231065557438e-02 -3.597882219514787067e-02 -3.727468308484243459e-02
4.100000000000000533e+00 1.360887931595546330e-01 2.272913978910179322e-02 -6.146038844351242592e-02 -6.353924367554047992e-02 -5.919332008356797958e-02 -7.512249149798039261e-02 -7.930376599938018800e-02 -7.924111595591762369e-02 -7.516483013280210457e-02
4.200000000000000178e+00 -1.068124986275822558e-01 -1.052786982779772978e-01 -1.227732819070847942e-01 -1.353491349587257198e-01 -1.175795901053298814e-01 -1.087215901494989201e-01 -1.129906479228908189e-01 -1.123819426747242195e-01 -1.147410841917437391e-01
4.299999999999999822e+00 -2.222072650261802673e-02 -3.478002066953049531e-02 -1.925939597089710020e-01 -1.424044895636724650e-01 -1.527636013573714091e-01 -1.481013607339772831e-01 -1.534868225196071023e-01 -1.579378170622297572e-01 -1.559097230794385114e-01
4.400000000000000355e+00 -3.546336759022464258e-01 -3.413280671743885719e-01 -2.110059526517340522e-01 -2.037461372692676576e-01 -2.111312704509736016e-01 -1.972419163194110148e-01 -1.993957398812965520e-01 -1.968192123261125193e-01 -1.988277168558411634e-01
4.500000000000000000e+00 -2.912305041075013978e-01 -2.437330719120093803e-01 -2.649992710469137314e-01 -2.356621763292468252e-01 -2.388741174335828055e-01 -2.443879813441324766e-01 -2.488401559666680862e-01 -2.447324725658219513e-01 -2.461391599299146693e-01
4.600000000000000533e+00 -2.212012170720649984e-01 -2.831561612317196608e-01 -3.116864902974890716e-01 -2.728905936843407098e-01 -3.128467140869259366e-01 -2.834898925093556343e-01 -2.890513615809885972e-01 -2.909265002297666269e-01 -2.890229510848449368e-01
4.700000000000000178e+00 -4.032547103159067059e-01 -3.231920780729924947e-01 -3.685099510299181813e-01 -3.473006541581168949e-01 -3.382411769835801385e-01 -3.348994228451870891e-01 -3.299537851719715476e-01 -3.345243044638318008e-01 -3.364683003785545745e-01
4.800000000000000711e+00 -2.417469000072278995e-01 -3.324611170970978580e-01 -4.021572137261409385e-01 -4.103690300001261448e-01 -3.978358807366466632e-01 -3.822638809607266652e-01 -3.857101841025986633e-01 -3.812280078083774559e-01 -3.826639887911931215e-01
4.900000000000000355e+00 -3.668358807711357139e-01 -3.765671632834632909e-01 -4.278896403812275651e-01 -4.098894978530799871e-01 -4.415073061931917842e-01 -4.287139165088063586e-01 -4.330863748556260107e-01 -4.257882038826534266e-01 -4.282793523016793502e-01
5.000000000000000000e+00 -3.432776386290349313e-01 -4.243393494858131998e-01 -4.697701091861069544e-01 -4.444427588186674050e-01 -4.761692286068524571e-01 -4.668001047329961017e-01 -4.794005124405346652e-01 -4.754934516218955465e-01 -4.763138562303058099e-01
5.100000000000000533e+00 -5.488980082246341929e-01 -4.143411175813079828e-01 -5.190900571427392585e-01 -5.017111895556464196e-01 -5.233331100211954245e-01 -5.217033447900942811e-01 -5.184826874396193386e-01 -5.243438508346751625e-01 -5.223273975742650510e-01
5.200000000000000178e+00 -5.591170132075259369e-01 -5.187478275925793136e-01 -5.760276220069879827e-01 -5.674226051121546988e-01 -5.667420474233191285e-01 -5.686241061559563770e-01 -5.735797626800834825e-01 -5.706147852791507713e-01 -5.696573605957865327e-01
5.300000000000000711e+00 -6.445627085554974656e-01 -5.982420640718203453e-01 -6.290529807762692549e-01 -5.982251185355503820e-01 -6.236423098137506837e-01 -6.209157026904031929e-01 -6.126806799751920440e-01 -6.144793319769911166e-01 -6.124131369382289636e-01
5.400000000000000355e+00 -6.821770573708957341e-01 -5.708375035375282680e-01 -6.467668289124473002e-01 -6.540173269995370742e-01 -6.767548515405698017e-01 -6.510464700477118782e-01 -6.611801430482923125e-01 -6.612721881614246344e-01 -6.597270105324961609e-01
5.500000000000000000e+00 -7.183070414091528022e-01 -7.162255702770583543e-01 -6.769111855275954381e-01 -7.220366998061674702e-01 -7.048974679287988154e-01 -7.028100831902184265e-01 -7.041733653934068027e-01 -7.013018327479922931e-01 -6.999468023005284145e-01
5.600000000000000533e+00 -6.892766865265814724e-01 -8.446972688287532893e-01 -7.068299692810385837e-01 -7.539910403601925992e-01 -7.321765394277300887e-01 -7.322214512469700232e-01 -7.437991412626132615e-01 -7.394778920310176584e-01 -7.433219425378113643e-01
5.700000000000000178e+00 -7.741758230305029187e-01 -8.450585363527816085e-01 -7.872982420404509574e-01 -7.601818255412857717e-01 -7.780568697525288568e-01 -7.829110724670835797e-01 -7.776602522838805820e-01 -7.851221045012725108e-01 -7.812774412588978645e-01
5.800000000000000711e+00 -1.022516785095556546e+00 -7.416160862441544266e-01 -8.356137342046832117e-01 -8.196666319903528342e-01 -8.159533251623367622e-01 -8.204969619897312105e-01 -8.198385220107740068e-01 -8.160615573403023904e-01 -8.168508652515374946e-01
5.900000000000000355e+00 -8.788322649254449725e-01 -8.057333677459496135e-01 -8.206761947240968080e-01 -8.262952965965514318e-01 -8.474227259753941421e-01 -8.538647960807572712e-01 -8.518715084826049555e-01 -8.517493474147772581e-01 -8.521560805192669452e-01
6.000000000000000000e+00 -8.883115870474758147e-01 -8.779056748324071124e-01 -9.416928665652046782e-01 -8.723412281217917119e-01 -8.659679173841968725e-01 -8.875995915973626804e-01 -8.849158088976425418e-01 -8.833406469054353449e-01 -8.856732765899003601e-01
6.100000000000000533e+00 -9.167983165821924629e-01 -7.812688067803696956e-01 -9.138365712975550226e-01 -9.124869083364648414e-01 -9.150011688477878158e-01 -9.146696717691846779e-01 -9.120239298620592683e-01 -9.160294780261135639e-01 -9.155391682175233470e-01
6.200000000000000178e+00 -8.544629834920620670e-01 -9.322837235731973315e-01 -9.156000315915697740e-01 -9.390309223417266926e-01 -9.402220382411647925e-01 -9.299324099572434665e-01 -9.458287908919880138e-01 -9.441856338967448137e-01 -9.416449003715241517e-01
6.300000000000000711e+00 -8.831271853191828836e-01 -9.970190369587369483e-01 -9.013931136459288895e-01 -9.588025992875597314e-01 -9.635049307563158250e-01 -9.727158417842540761e-01 -9.656399985165338151e-01 -9.672311702737711459e-01 -9.668723240397452123e-01
6.400000000000000355e+00 -1.049963855725857487e+00 -1.056913758433885908e+00 -1.029470870855714537e+00 -9.934268079721088052e-01 -9.867484353322070190e-01 -9.891577062972062295e-01 -9.932068930099956505e-01 -9.874719272017149496e-01 -9.887472710276942189e-01
6.500000000000000000e+00 -1.194392537962456480e+00 -1.036621734537143791e+00 -9.781371925185755600e-01 -1.016990777547503555e+00 -1.006282061071444911e+00 -1.011419769800713908e+00 -9.995911862904167666e-01 -1.003432250735551534e+00 -1.006398444207718290e+00
6.600000000000000533e+00 -1.057878313545936644e+00 -9.307254410683505341e-01 -1.041143622284033121e+00 -1.059374823716446201e+00 -1.011917050956475883e+00 -1.015496805984384521e+00 -1.018619234412230012e+00 -1.017809885126210956e+00 -1.018376530851887063e+00
6.700000000000000178e+00 -1.059817324667037042e+00 -1.010414187935857466e+00 -1.052347665031744040e+00 -1.040881758644711663e+00 -1.033847311245719380e+00 -1.028591254074856964e+00 -1.029723155294364201e+00 -1.035205603515709782e+00 -1.033149861020467242e+00
6.800000000000000711e+00 -1.136506145450867145e+00 -9.894489279385062508e-01 -1.030826806653535321e+00 -1.034108126326670707e+00 -1.055854386692789859e+00 -1.037862386069494436e+00 -1.043216254848910340e+00 -1.043037143904780972e+00 -1.041962509981722018e+00
6.900000000000000355e+00 -9.129053013933969840e-01 -1.094983736999271651e+00 -1.081269265302842841e+00 -1.031157778440603412e+00 -1.050260385359067516e+00 -1.047441291457176460e+00 -1.052070997708639544e+00 -1.047534706878627597e+00 -1.048227745207870987e+00
7.000000000000000000e+00 -1.115732548635128829e+00 -1.125226979721721809e+00 -1.063525740217101667e+00 -1.018795762460159793e+00 -1.062785131922106885e+00 -1.057096658377094434e+00 -1.053304549946578295e+00 -1.053006817335774281e+00 -1.049810452092564406e+00
7.100000000000000533e+00 -1.048384833091878354e+00 -1.073507194015518973e+00 -1.072025343471246783e+00 -1.066924317350593787e+00 -1.062701289935243709e+00 -1.046880329802718723e+00 -1.050225135129676302e+00 -1.050313150194282397e+00 -1.052302002738864317e+00
7.200000000000000178e+00 -9.456769386579790826e-01 -9.659028009471365417e-01 -1.029020440306106066e+00 -1.060079355107664822e+00 -1.059081455288811702e+00 -1.052822562389791328e+00 -1.053745881031303844e+00 -1.047105536968596651e+00 -1.050532311191456625e+00
7.300000000000000711e+00 -1.139487884214292146e+00 -1.047010571065351892e+00 -1.027865139765647085e+00 -1.040072322867826582e+00 -1.034304184799990312e+00 -1.042080365540946740e+00 -1.046764580079870832e+00 -1.045855891619311029e+00 -1.047483688201320762e+00
7.400000000000000355e+00 -1.069239429034964717e+00 -1.052169791497099327e+00 -1.021994278291829650e+00 -1.016000589319516978e+00 -1.056280212384162809e+00 -1.034654901900761370e+00 -1.039676787585204654e+00 -1.038277635824138123e+00 -1.040083162297247510e+00
7.500000000000000000e+00 -9.504714216893133116e-01 -1.093329906081399905e+00 -9.846311530009888013e-01 -1.009716513635550150e+00 -1.018922274407523698e+00 -1.027749944512692748e+00 -1.034602917189911597e+00 -1.029600966990980249e+00 -1.030789027799241087e+00
7.600000000000000533e+00 -1.196223659731997513e+00 -1.033709319076836719e+00 -1.052866828467519111e+00 -9.871388764887887302e-01 -1.008083451400232589e+00 -1.017702953788805598e+00 -1.015697659130318398e+00 -1.019541801113902801e+00 -1.018169460680367289e+00
7.700000000000000178e+00 -1.029135913635595312e+00 -9.329224464407765982e-01 -1.021577599220684585e+00 -9.866520490636634388e-01 -1.014015631564144426e+00 -1.004413447035380491e+00 -1.006139076533366428e+00 -1.006555119006017129e+00 -1.004209827891517248e+00
7.800000000000000711e+00 -9.083397565336499557e-01 -9.753292503330248664e-01 -9.800616224805597243e-01 -9.988105620336287238e-01 -9.864181917148929779e-01 -9.931085691910046531e-01 -9.914384599543646370e-01 -9.892092116217182651e-01 -9.906617030937516777e-01
7.900000000000000355e+00 -1.149113737663741031e+00 -1.014491034888635790e+00 -9.872611781980024093e-01 -9.635857674321263167e-01 -9.814513255115521195e-01 -9.743301683928869972e-01 -9.753998151406227946e-01 -9.748272281274328321e-01 -9.751050833700606324e-01
8.000000000000000000e+00 -1.105966680901259158e+00 -1.002158691149718894e+00 -9.389081660059180878e-01 -9.684910953850370818e-01 -9.703758871817421694e-01 -9.523941365835850714e-01 -9.575385332595992560e-01 -9.547298629376106405e-01 -9.577860438550208633e-01
8.099999999999999645e+00 -9.707563712313886928e-01 -9.007825820931444349e-01 -8.896699129230284386e-01 -9.159843305264669944e-01 -9.586361263897812401e-01 -9.395216929927500127e-01 -9.453320888211552697e-01 -9.418298666016186038e-01 -9.405861428185947615e-01
8.200000000000001066e+00 -1.018258458552903978e+00 -8.600758260442509240e-01 -9.674155408129806455e-01 -9.185162206029076071e-01 -9.349957178332291008e-01 -9.156877081899377213e-01 -9.214091930993111301e-01 -9.241841964972341561e-01 -9.233346474755645961e-01
8.300000000000000711e+00 -8.731787075037789059e-01 -9.065959703771814260e-01 -8.699548916058793546e-01 -8.815678320952321512e-01 -9.103302925691678649e-01 -8.932247703094131630e-01 -9.019276014555338561e-01 -9.030659732381604021e-01 -9.029016023499684129e-01
8.400000000000000355e+00 -1.047307214244719287e+00 -8.052968947880162487e-01 -9.002143190098592651e-01 -8.421463008919107818e-01 -8.934874048526225687e-01 -8.911601112029524652e-01 -8.852310825534687178e-01 -8.867071952192955298e-01 -8.855496369251321109e-01
8.500000000000000000e+00 -9.055366167603472460e-01 -8.752639694030104334e-01 -8.828247640290954878e-01 -8.537483845537721106e-01 -8.615535879754455673e-01 -8.642582550711616074e-01 -8.724933247251923651e-01 -8.703568654527603643e-01 -8.686992959267301195e-01
8.599999999999999645e+00 -9.549195459796312457e-01 -9.277971828653899244e-01 -8.098818307648388837e-01 -8.905979052352409608e-01 -8.541455715068027033e-01 -8.572423812907198348e-01 -8.482686550439239026e-01 -8.492533795688725906e-01 -8.524497828843029534e-01
8.700000000000001066e+00 -8.295936489995064944e-01 -8.668878479998526343e-01 -8.307485103555919403e-01 -8.399589045495805539e-01 -8.361789519182339925e-01 -8.232199398869681772e-01 -8.392612551661612352e-01 -8.370273067596617489e-01 -8.353646195456098100e-01
8.800000000000000711e+00 -5.664039819281241339e-01 -8.390571817506258245e-01 -8.383360117066920303e-01 -8.412906081099296163e-01 -8.239644932385490339e-01 -8.140807043019184785e-01 -8.247182761696476572e-01 -8.182154723502559346e-01 -8.196532851701759936e-01
8.900000000000000355e+00 -6.443284139906155783e-01 -8.969118080382003644e-01 -7.971191404737072439e-01 -8.281035551615331114e-01 -7.995797124623059693e-01 -8.142657819647418638e-01 -8.030339920041800195e-01 -8.069003172550457403e-01 -8.053256200168971146e-01
9.000000000000000000e+00 -7.216997677823724366e-01 -7.311861414967902872e-01 -8.284610351778243231e-01 -8.350476672095348274e-01 -7.738953437371431932e-01 -7.889385598221683171e-01 -7.974962229716664464e-01 -7.898668264142363338e-01 -7.928109055697865060e-01
9.099999999999999645e+00 -7.340147482492669351e-01 -7.550394085528019383e-01 -8.172948733233773577e-01 -7.938899034070697747e-01 -7.915096781832026140e-01 -7.878137664148402441e-01 -7.820234724697829876e-01 -7.845209377332579281e-01 -7.812145617324297575e-01
9.200000000000001066e+00 -7.725600036074945498e-01 -8.308111490744195526e-01 -7.858057171492710546e-01 -7.632147819181719361e-01 -7.865296340772284234e-01 -7.726680065905610073e-01 -7.710196722676807557e-01 -7.716522894847752667e-01 -7.728728709765959604e-01
9.300000000000000711e+00 -6.772033490253963617e-01 -7.609203321487068017e-01 -7.633154885114259436e-01 -7.739445815133656481e-01 -7.561973446275376265e-01 -7.687217239290757842e-01 -7.665566777293163492e-01 -7.649556808560595833e-01 -7.643647360397973767e-01
9.400000000000000355e+00 -6.480894233546787842e-01 -7.858851474986924268e-01 -7.266578607716530636e-01 -7.683395161771782167e-01 -7.479339347620176381e-01 -7.653614161639964442e-01 -7.633189866874124929e-01 -7.602048555488323256e-01 -7.609853368450009148e-01
9.500000000000000000e+00 -6.002611055689023312e-01 -7.286761755601064428e-01 -7.126488839177096413e-01 -7.368460419391894556e-01 -7.540747842845945126e-01 -7.578491360547181532e-01 -7.574737868108583072e-01 -7.598885282135545705e-01 -7.584214232283795765e-01
9.600000000000001421e+00 -7.314253159025672080e-01 -7.582848670565961458e-01 -7.442277766398279759e-01 -7.995078164336013593e-01 -7.656818709575232695e-01 -7.617942988149943861e-01 -7.568854566276996820e-01 -7.558394408498881889e-01 -7.580744287401751658e-01
9.700000000000001066e+00 -7.153178748114327190e-01 -7.278959890702614288e-01 -7.046984701310998744e-01 -7.804335498753456335e-01 -7.489099110479309207e-01 -7.579274284672523621e-01 -7.641294811399623743e-01 -7.576399737328608497e-01 -7.600686306969137718e-01
9.800000000000000711e+00 -6.983248547967315645e-01 -7.314431658381419510e-01 -7.100965864435978547e-01 -7.684944092638369417e-01 -7.719888178250298161e-01 -7.624575504793438263e-01 -7.657984779228924621e-01 -7.685547657797607846e-01 -7.644040458652286985e-01
9.900000000000000355e+00 -6.386848676030049132e-01 -7.869906863068516500e-01 -7.765782577748293614e-01 -7.657933410062219837e-01 -7.896678313182092790e-01 -7.769422521687817662e-01 -7.745539078220258222e-01 -7.720710657946637800e-01 -7.735809814524445827e-01
1.000000000000000000e+01 -6.832707451059700787e-01 -7.806903543309037241e-01 -7.679040362145691523e-01 -7.710007384373693817e-01 -7.905658635335096607e-01 -7.952843851803793607e-01 -7.872758999314084516e-01 -7.823399345517307868e-01 -7.836797550988682248e-01
